50 71
Akoto Bello Chabi Dangbe Essou Fassinou Gbedo Hounsa Idohou Jah Kakpo Loko Montcho Nouatin Ogou Padonou Quenum Rogo Sagbo Tossou V20 V21 V22 V23 V24 V25 V26 V27 V28 V29 V30 V31 V32 V33 V34 V35 V36 V37 V38 V39 V40 V41 V42 V43 V44 V45 V46 V47 V48 V49
0 1
0 2
0 17
0 23
0 24
1 2
1 13
2 3
2 18
3 4
3 20
3 23
4 5
4 6
4 7
5 6
5 25
6 7
6 22
7 8
7 14
8 9
8 10
8 18
9 10
10 11
10 24
11 12
12 13
13 14
13 17
13 22
14 15
15 16
16 17
16 19
17 18
17 28
18 19
19 20
20 21
20 22
21 22
21 23
22 23
23 24
24 25
25 26
25 27
26 27
27 28
28 29
30 31
30 34
31 32
31 36
31 37
32 33
33 34
34 35
35 36
36 37
38 39
38 41
39 40
40 41
40 42
41 42
43 44
45 46
46 47
